%YAML:1.0
---
camera_matrix: !!opencv-matrix
   rows: 3
   cols: 3
   dt: d
   data: [ 1394.1914547691426, 0., 958.71516564646083, 0.,
       1392.562787071394, 535.53085558913278, 0., 0., 1. ]
dist_coeff: !!opencv-matrix
   rows: 1
   cols: 5
   dt: d
   data: [ 0.010331501430341823, -0.10821260510049324,
       0.00033752389995283421, 0.0010279016269360876, 0.2347318708617023 ]
camera_size: !!opencv-matrix
   rows: 2
   cols: 1
   dt: d
   data: [ 1920., 1080. ]
